000001, 000002, 000003, 000004, 000005, 000006, 000007, 000008, 000009, 000010,
000011, 000012, 000013, 000014, 000015, 000016, 000017, 000018, 000019, 000020,
000021, 000023, 000024, 000025, 000026, 000027, 000028, 000029, 000030, 000031,
000032, 000033, 000034, 000035, 000036, 000037, 000038, 000039, 000040, 000042,
000045, 000046, 000047, 000048, 000049, 000050, 000055, 000056, 000058, 000059,
000060, 000061, 000062, 000063, 000065, 000066, 000068, 000069, 000070, 000078,
000088, 000089, 000090, 000096, 000099, 000100, 000150, 000151, 000153, 000155,
000156, 000157, 000158, 000159, 000166, 000301, 000333, 000338, 000400, 000401,
000402, 000403, 000404, 000405, 000406, 000407, 000408, 000409, 000410, 000411,
000412, 000413, 000415, 000416, 000417, 000418, 000419, 000420, 000421, 000422,
000423, 000425, 000426, 000428, 000429, 000430, 000488, 000498, 000501, 000502,
000503, 000504, 000505, 000506, 000507, 000508, 000509, 000510, 000511, 000513,
000514, 000515, 000516, 000517, 000518, 000519, 000520,
002485, 002486, 002487, 002488, 002489, 002490, 002491, 002492, 002493, 002494,
002495, 002496, 002497, 002498, 002499, 002500, 002501, 002502, 002503, 002504,
002505, 002506, 002507, 002508, 002509, 002510, 002511, 002512, 002513, 002514,
002515, 002516, 002517, 002518, 002519, 002520, 002521, 002522, 002523, 002524,
002526, 002527, 002528, 002529, 002530, 002531, 002532, 002533, 002534, 002535,
002536, 002537, 002538, 002539, 002540, 002541, 002542, 002543, 002544, 002545,
002546, 002547, 002548, 002549, 002550, 002551, 002552, 002553, 002554, 002555,
002556, 002557, 002558, 002559, 002560, 002561, 002562, 002563, 002564, 002565,
002566, 002567, 002568, 002569, 002570, 002571, 002572, 002573, 002574, 002575,
002576, 002577, 002578, 002579, 002580, 002581, 002582, 002583, 002584, 002585,
002586, 002587, 002588, 002589, 002590, 002591, 002592, 002593, 002594, 002595,
002596, 002597, 002598, 002599, 002600, 002601, 002602, 002603, 002604, 002605,
002606, 002607, 002608, 002609, 002610, 002611,
300565, 300566, 300567, 300568, 300569, 300570, 300571, 300572, 300573, 300575,
300576, 300577, 300578, 300579, 300580, 300581, 300582, 300583, 300584, 300585,
300586, 300587, 300588, 300589, 300590, 300591, 300592, 300593, 300594, 300595,
300596, 300597, 300598, 300599, 300600, 300601, 300602, 300603, 300604, 300605,
300606, 300607, 300608, 300609, 300610, 300611, 300612, 300613, 300614, 300615,
300616, 300617, 300618, 300619, 300620, 300621, 300622, 300623, 300624, 300625,
300626, 300627, 300628, 300629, 300630, 300631, 300632, 300633, 300634, 300635,
300636, 300637, 300638, 300639, 300640, 300641, 300642, 300643, 300644, 300645,
300647, 300648, 300649, 300650, 300651, 300652, 300653, 300654, 300655, 300656,
300657, 300658, 300659, 300660, 300661, 300662, 300663, 300664, 300665, 300666,
300667, 300668, 300669, 300670, 300671, 300672, 300673, 300674, 300675, 300676,
300677, 300678, 300679, 300680, 300681, 300682, 300683, 300684, 300685, 300686,
300687, 300688, 300689, 300690, 300691, 300692,
600263, 600265, 600266, 600267, 600268, 600269, 600270, 600271, 600272, 600273,
600275, 600276, 600277, 600278, 600279, 600280, 600281, 600282, 600283, 600284,
600285, 600286, 600287, 600288, 600289, 600290, 600291, 600292, 600293, 600295,
600296, 600297, 600298, 600299, 600300, 600301, 600302, 600303, 600305, 600306,
600307, 600308, 600309, 600310, 600311, 600312, 600313, 600315, 600316, 600317,
600318, 600319, 600320, 600321, 600322, 600323, 600325, 600326, 600327, 600328,
600329, 600330, 600331, 600332, 600333, 600335, 600336, 600337, 600338, 600339,
600340, 600343, 600345, 600346, 600348, 600350, 600351, 600352, 600353, 600354,
600355, 600356, 600357, 600358, 600359, 600360, 600361, 600362, 600363, 600365,
600366, 600367, 600368, 600369, 600370, 600371, 600372, 600373, 600375, 600376,
600377, 600378, 600379, 600380, 600381, 600382, 600383, 600385, 600386, 600387,
600388, 600389, 600390, 600391, 600392, 600393, 600395, 600396, 600397, 600398,
600399, 600400, 600401,